$MeshFormat
2.2 0 8
$EndMeshFormat
$PhysicalNames
4
1 1 "Γ"
1 2 "Γᵛ"
1 3 "Γᵍ"
2 4 "Ω"
$EndPhysicalNames
$Nodes
348
1 0 0 0
2 1 0 0
3 1 1 0
4 0 1 0
5 0.3 0.33 0
6 0.7 0.68 0
7 0.3137931034482759 0.3420689655172414 0
8 0.3275862068965517 0.3541379310344828 0
9 0.3413793103448276 0.3662068965517242 0
10 0.3551724137931034 0.3782758620689656 0
11 0.3689655172413793 0.3903448275862069 0
12 0.3827586206896552 0.4024137931034483 0
13 0.396551724137931 0.4144827586206897 0
14 0.4103448275862069 0.4265517241379311 0
15 0.4241379310344827 0.4386206896551724 0
16 0.4379310344827586 0.4506896551724138 0
17 0.4517241379310344 0.4627586206896552 0
18 0.4655172413793103 0.4748275862068966 0
19 0.4793103448275862 0.486896551724138 0
20 0.493103448275862 0.4989655172413793 0
21 0.5068965517241379 0.5110344827586207 0
22 0.5206896551724137 0.5231034482758621 0
23 0.5344827586206896 0.5351724137931035 0
24 0.5482758620689654 0.5472413793103449 0
25 0.5620689655172413 0.5593103448275862 0
26 0.5758620689655172 0.5713793103448276 0
27 0.5896551724137931 0.5834482758620689 0
28 0.6034482758620688 0.5955172413793104 0
29 0.6172413793103447 0.6075862068965517 0
30 0.6310344827586205 0.6196551724137931 0
31 0.6448275862068964 0.6317241379310345 0
32 0.6586206896551723 0.6437931034482759 0
33 0.6724137931034482 0.6558620689655172 0
34 0.6862068965517241 0.6679310344827587 0
35 0.1111111111111111 0 0
36 0.2222222222222222 0 0
37 0.3333333333333333 0 0
38 0.4444444444444444 0 0
39 0.5555555555555556 0 0
40 0.6666666666666666 0 0
41 0.7777777777777777 0 0
42 0.8888888888888888 0 0
43 1 0.1111111111111111 0
44 1 0.2222222222222222 0
45 1 0.3333333333333333 0
46 1 0.4444444444444444 0
47 1 0.5555555555555556 0
48 1 0.6666666666666666 0
49 1 0.7777777777777777 0
50 1 0.8888888888888888 0
51 0.8888888888888888 1 0
52 0.7777777777777778 1 0
53 0.6666666666666667 1 0
54 0.5555555555555556 1 0
55 0.4444444444444444 1 0
56 0.3333333333333334 1 0
57 0.2222222222222223 1 0
58 0.1111111111111112 1 0
59 0 0.8888888888888888 0
60 0 0.7777777777777778 0
61 0 0.6666666666666667 0
62 0 0.5555555555555556 0
63 0 0.4444444444444444 0
64 0 0.3333333333333334 0
65 0 0.2222222222222223 0
66 0 0.1111111111111112 0
67 0.03333333333333337 0.03666666666666671 0
68 0.06666666666666674 0.0733333333333334 0
69 0.1000000000000001 0.1100000000000002 0
70 0.1333333333333336 0.146666666666667 0
71 0.166666666666667 0.1833333333333338 0
72 0.2000000000000003 0.2200000000000003 0
73 0.2333333333333335 0.2566666666666669 0
74 0.2666666666666668 0.2933333333333334 0
75 0.7333333333333333 0.7155555555555555 0
76 0.7666666666666665 0.7511111111111111 0
77 0.7999999999999998 0.7866666666666665 0
78 0.8333333333333331 0.8222222222222222 0
79 0.8666666666666665 0.8577777777777776 0
80 0.8999999999999999 0.8933333333333333 0
81 0.9333333333333332 0.9288888888888889 0
82 0.9666666666666666 0.9644444444444444 0
83 0.5205865983443148 0.5454916073837369 0
84 0.4152890258151382 0.4513547223957566 0
85 0.608082264993255 0.6228782980155164 0
86 0.3293103448275862 0.38 0
87 0.6892979796102897 0.6960093072862439 0
88 0.3290315752097559 0.8877263429434256 0
89 0.1131571741092313 0.6528038296925214 0
90 0.2448827059611124 0.3296334199253507 0
91 0.4794824035685991 0.5107183487910201 0
92 0.5555555555555556 0.8888888888888888 0
93 0.7687486471369077 0.8164153055628949 0
94 0.1082899699256227 0.868367141611228 0
95 0.5471972641599967 0.5688693320060892 0
96 0.3841333815729359 0.4283692642972671 0
97 0.6327439490038402 0.6421532816582228 0
98 0.1044006413334285 0.4292230757516647 0
99 0.8643278935639372 0.9284550216561842 0
100 0.1008929219033535 0.3527525885313761 0
101 0.1660373733892446 0.253356991817874 0
102 0.09666666666666685 0.1800000000000003 0
103 0.3015022018847422 0.35958988432023 0
104 0.6629282104277171 0.8779369019078058 0
105 0.4534482758620689 0.4886206896551725 0
106 0.7296709269775428 0.7856914509688979 0
107 0.3568965517241379 0.4041379310344828 0
108 0.6575317590999253 0.6710723323270963 0
109 0.04510356501126789 0.1728800620722819 0
110 0.7977777777777777 0.8555555555555555 0
111 0.6812848987312358 0.7147765565189973 0
112 0.6431861260660904 0.8012583183783542 0
113 0.1987416816216458 0.4209639038438681 0
114 0.4359265771452258 0.8974067561881076 0
115 0.09781364155243377 0.5227574051527282 0
116 0.09773273876021726 0.7631013638068377 0
117 0.2024415171604724 0.887094788127053 0
118 0.2082292082797112 0.3003158743900252 0
119 0.6872983309180236 0.7630553852186901 0
120 0.7329066116801606 0.8448670522779215 0
121 0.2746144079678823 0.345059951382286 0
122 0.08646905402874056 0.2580161967101381 0
123 0.1289599401878298 0.2186766304653366 0
124 0.8193006947169574 0.890730129937106 0
125 0.637616298829807 0.6596444721770021 0
126 0.671343705507734 0.6888234179796467 0
127 0.7542972371772014 0.9123694294894653 0
128 0.4205185810710062 0.8073003349621886 0
129 0.1836047436706116 0.5733911116733148 0
130 0.2820776369515125 0.3875106293216471 0
131 0.6507817094512803 0.703950198006588 0
132 0.2701268027791769 0.8110868155237616 0
133 0.2045963604462981 0.3617098603053166 0
134 0.6445393535177897 0.7450673981539477 0
135 0.6133948044804425 0.6548836996999166 0
136 0.6911980412139068 0.8145618217503339 0
137 0.1913541463243555 0.7661844380472121 0
138 0.1499899062600401 0.3214217263525913 0
139 0.2858232837230334 0.7254069727215946 0
140 0.3093087713682725 0.3991990774061943 0
141 0.6124175438274515 0.7148932467672691 0
142 0.3469319446745235 0.7790530220046128 0
143 0.6269377896795759 0.680651964527424 0
144 0.2230754788660529 0.657516528862761 0
145 0.244049731992619 0.3774335580685839 0
146 0.1517243023129532 0.3772142309569633 0
147 0.2904132254634762 0.4289469608406788 0
148 0.1762158781976182 0.4870722484770923 0
149 0.290712812470629 0.6557002664379146 0
150 0.4139700207485459 0.7284607730405968 0
151 0.2533149237425062 0.4127050228684253 0
152 0.3574011932614283 0.7152622030663588 0
153 0.2390226028373771 0.4573257517648085 0
154 0.3312559656594965 0.4186093622471044 0
155 0.2732232671431931 0.5896110089817359 0
156 0.5898846223885487 0.6794678381866721 0
157 0.3928738595892435 0.6619676276456297 0
158 0.3236537014393003 0.4565094103142169 0
159 0.5739984311185611 0.7189246036114887 0
160 0.4790484125915403 0.7384977636184712 0
161 0.2433754952668516 0.5189218112403753 0
162 0.5889353688191844 0.6380688901746355 0
163 0.3344317417065291 0.6715521645287514 0
164 0.5663195310846151 0.6580206747215023 0
165 0.3061848055247001 0.529760757020461 0
166 0.5897977388328411 0.7617542836676656 0
167 0.4951188008130866 0.8135949107770523 0
168 0.3531496398039276 0.4408547668784882 0
169 0.2879724371027194 0.4802742496606869 0
170 0.4422061503464255 0.6832567215922535 0
171 0.5894847299393027 0.6096453620101244 0
172 0.3580986992187609 0.6400116220100117 0
173 0.3772117315948985 0.5988296044688891 0
174 0.5674762200422108 0.6213339870659947 0
175 0.3527674699696183 0.4711196596084474 0
176 0.5494209745202201 0.6913617802090251 0
177 0.4250421686730591 0.6203188542879353 0
178 0.5976651685691334 0.8301608520804866 0
179 0.5747640845320442 0.597429520801312 0
180 0.5349079808620629 0.7467361199833786 0
181 0.3295250975869507 0.5751001181867147 0
182 0.5065875169297758 0.6877848209606434 0
183 0.3713547519140621 0.5310175308345404 0
184 0.4152661012922377 0.5592419456400115 0
185 0.5476540184883232 0.6332490251878471 0
186 0.4722091939701111 0.6324806006551191 0
187 0.3764091247724077 0.4597383239796766 0
188 0.5484522092196392 0.6072883101595894 0
189 0.554609048926536 0.8082270110794945 0
190 0.5590517508151865 0.5840711714033567 0
191 0.3272005582868269 0.6218007974356695 0
192 0.4532948204238298 0.5866783377152368 0
193 0.4023400360052835 0.5129947065114808 0
194 0.5294435664887716 0.5876686669489396 0
195 0.3740048189544815 0.4915282036517174 0
196 0.3359896641508136 0.493368301848345 0
197 0.3975638535654664 0.448152400935435 0
198 0.5180876152259699 0.6253403688486164 0
199 0.4306535078350939 0.5276309160306238 0
200 0.4918693683880018 0.5964855064285881 0
201 0.4028698917942968 0.4741374047710988 0
202 0.5310813384653377 0.5587908109671944 0
203 0.5416534107212954 0.6593114609952535 0
204 0.4668369602823338 0.5471836795549193 0
205 0.4388688793201903 0.47295526063867 0
206 0.5056178339990941 0.5651005769380454 0
207 0.4246829808504223 0.4674768271300089 0
208 0.4539582339677204 0.5105413880448408 0
209 0.4287397825944796 0.4896091569934135 0
210 0.4784762366696151 0.5720154908863396 0
211 0.4904133885962333 0.549235608579827 0
212 0.4665498145564936 0.4991942445537929 0
213 0.4949688930032882 0.5273242494749071 0
214 0.5063465775932816 0.5383523515499036 0
215 0.5133626703366663 0.4871637555288186 0
216 0.6008154997875693 0.5705524626404423 0
217 0.4245049536666775 0.4140459260872094 0
218 0.6832529414854838 0.6432664844822895 0
219 0.3394394935184497 0.3424349589718809 0
220 0.6666666666666666 0.111111111111111 0
221 0.8866383604276329 0.3467471780592855 0
222 0.266812795417141 0.2272274523387545 0
223 0.7760085610124885 0.6723817021742524 0
224 0.5315593665562828 0.5098603968710059 0
225 0.4795151042831943 0.4659119893252938 0
226 0.3936198163013095 0.3871179466345852 0
227 0.8989335109971917 0.5652976154892939 0
228 0.339729723795504 0.1099410278845126 0
229 0.2039880049212698 0.1537979327171736 0
230 0.9060415906571712 0.6503007817093553 0
231 0.7946636136572165 0.7227007787698383 0
232 0.902222222222222 0.8244444444444443 0
233 0.5555555555555555 0.1111111111111111 0
234 0.3208985511619362 0.2953735694191919 0
235 0.896378347757921 0.1178781311366991 0
236 0.45 0.4368965517241379 0
237 0.1960883779339119 0.09806121395807682 0
238 0.1400175185799545 0.06562386540473214 0
239 0.8437479144726382 0.74620510112132 0
240 0.3653506727097322 0.3633046813661435 0
241 0.9539597187313574 0.8268417571028817 0
242 0.6261908496685173 0.1946988457491194 0
243 0.7335457242553347 0.6597757514395839 0
244 0.803430841429416 0.5753928504826589 0
245 0.4548331699613116 0.1007223855942439 0
246 0.8911341814027982 0.4831158299172107 0
247 0.9023969210642273 0.2360626464322911 0
248 0.7975689528497818 0.1103938650702274 0
249 0.9262709798717187 0.7544881312128162 0
250 0.3130061176533935 0.2499637134588328 0
251 0.2453688344868838 0.1870810556104869 0
252 0.3261205770166714 0.3260028895853184 0
253 0.876393612474978 0.7868399747502008 0
254 0.8070483881952121 0.6268644863241606 0
255 0.8309980055795461 0.6708736671117341 0
256 0.5484819398904131 0.1998088613105746 0
257 0.3560946050902759 0.2733228332968231 0
258 0.8093368917894839 0.4225301960552627 0
259 0.8238601079127462 0.2322338329477641 0
260 0.4255708804514154 0.2043098392458911 0
261 0.3587299893906432 0.3244878929528994 0
262 0.3142372583810797 0.1834260109567062 0
263 0.754675862949756 0.6078936744732653 0
264 0.7020549978151392 0.6523149415081058 0
265 0.7281337448805334 0.2010152006330056 0
266 0.5676357339827138 0.2731736111269025 0
267 0.3866172747663459 0.2977855618089537 0
268 0.7628147856288521 0.5390912827221324 0
269 0.78195003213394 0.3442574301475211 0
270 0.6953734157589627 0.6232736309876015 0
271 0.7307353250184689 0.2887881835183398 0
272 0.3682907546267143 0.2192712944712114 0
273 0.8512230798492186 0.6051331226771696 0
274 0.7206954983073305 0.6252837992857296 0
275 0.4767455118544075 0.1733212632354237 0
276 0.2649953935820293 0.1046153201609938 0
277 0.6423712609584953 0.6068505584752775 0
278 0.7065292194953077 0.5940525848757144 0
279 0.480309589005976 0.2523884523815138 0
280 0.6542183035653245 0.2769943861325617 0
281 0.3877264573642541 0.3456578648681048 0
282 0.6706896551724136 0.63 0
283 0.7214072583946136 0.414156159412109 0
284 0.3936066486940381 0.1525620090507585 0
285 0.7024661840118285 0.3547043517530588 0
286 0.7264365998850782 0.5661657844979442 0
287 0.8467221259417395 0.5419103325238022 0
288 0.4070168791091843 0.2541850548785928 0
289 0.5126653256497352 0.30803164645145 0
290 0.413299432705526 0.3237919967061489 0
291 0.6341916906847512 0.5911793228708764 0
292 0.6030949960727049 0.3310276663320718 0
293 0.7160338856998716 0.515838524602759 0
294 0.6723348903182698 0.5764076092809034 0
295 0.4391377844920973 0.291270400428065 0
296 0.6596407175809977 0.6140505588809428 0
297 0.6497870604341393 0.3350293554540094 0
298 0.3931894640457262 0.07264508450590301 0
299 0.6416805496398961 0.3914627585752876 0
300 0.4139859534058411 0.3679411914459798 0
301 0.6936531245750318 0.5495250230435453 0
302 0.7541923840231168 0.4697297347454338 0
303 0.6190348678031228 0.5810763447781628 0
304 0.6773878091952457 0.6046847171115157 0
305 0.4727167139769041 0.3174270103344266 0
306 0.6549525436749601 0.5938750557956202 0
307 0.4951616620724398 0.3545334961152481 0
308 0.6681237841867885 0.5143239523025862 0
309 0.6170016891328155 0.5557108553244173 0
310 0.575237986564286 0.3771047746163602 0
311 0.6940944849294479 0.4738888165672606 0
312 0.6407590240414365 0.5751763190003153 0
313 0.445609800317574 0.3479373915856355 0
314 0.80447802030988 0.4989264968094528 0
315 0.6648169487462728 0.4428057606450023 0
316 0.6507577325331895 0.5506452162619124 0
317 0.592233305599735 0.422405673708509 0
318 0.4643217966108431 0.3818136030064043 0
319 0.6390293377794344 0.4804758404942464 0
320 0.5741379310344826 0.5455172413793103 0
321 0.5474316034441549 0.3384922217072051 0
322 0.62902834949583 0.5216074394382557 0
323 0.5917600702290906 0.555178046372606 0
324 0.5991059339706026 0.4994432442035914 0
325 0.4895903522805592 0.4038981484142946 0
326 0.5650641712230288 0.5294739869921317 0
327 0.5552271595175198 0.4127884198070366 0
328 0.4359084330615326 0.3850974833358126 0
329 0.5813376663365453 0.5228820925859887 0
330 0.5981801311052813 0.4637175537772721 0
331 0.5305923989168108 0.3866504975808941 0
332 0.5989646366990388 0.5327650858457351 0
333 0.627188054574124 0.4401735174400635 0
334 0.5674215700008413 0.4803732899195576 0
335 0.5249709791414097 0.4325381930630663 0
336 0.5677345169570768 0.507373176981731 0
337 0.5487438569807538 0.5205966704938922 0
338 0.5618091462355659 0.4468710770128581 0
339 0.4114426029866306 0.4122504095734032 0
340 0.5371592849743577 0.4660592282479998 0
341 0.5445336280674113 0.4919861465374301 0
342 0.4713477347689039 0.4283686631514199 0
343 0.4126689139266537 0.3968226192829467 0
344 0.5125633199277427 0.4607616849120364 0
345 0.4913164129229347 0.4463189410493151 0
346 0.4550065858498386 0.4073740138071134 0
347 0.4682367718808963 0.4525137253577864 0
348 0.4954997138087138 0.4775993149687402 0
$EndNodes
$Elements
705
1 1 2 2 1 5 7
2 1 2 2 1 7 8
3 1 2 2 1 8 9
4 1 2 2 1 9 10
5 1 2 2 1 10 11
6 1 2 2 1 11 12
7 1 2 2 1 12 13
8 1 2 2 1 13 14
9 1 2 2 1 14 15
10 1 2 2 1 15 16
11 1 2 2 1 16 17
12 1 2 2 1 17 18
13 1 2 2 1 18 19
14 1 2 2 1 19 20
15 1 2 2 1 20 21
16 1 2 2 1 21 22
17 1 2 2 1 22 23
18 1 2 2 1 23 24
19 1 2 2 1 24 25
20 1 2 2 1 25 26
21 1 2 2 1 26 27
22 1 2 2 1 27 28
23 1 2 2 1 28 29
24 1 2 2 1 29 30
25 1 2 2 1 30 31
26 1 2 2 1 31 32
27 1 2 2 1 32 33
28 1 2 2 1 33 34
29 1 2 2 1 34 6
30 1 2 1 2 1 35
31 1 2 1 2 35 36
32 1 2 1 2 36 37
33 1 2 1 2 37 38
34 1 2 1 2 38 39
35 1 2 1 2 39 40
36 1 2 1 2 40 41
37 1 2 1 2 41 42
38 1 2 1 2 42 2
39 1 2 3 4 3 51
40 1 2 3 4 51 52
41 1 2 3 4 52 53
42 1 2 3 4 53 54
43 1 2 3 4 54 55
44 1 2 3 4 55 56
45 1 2 3 4 56 57
46 1 2 3 4 57 58
47 1 2 3 4 58 4
48 2 2 4 1 183 193 184
49 2 2 4 1 158 196 169
50 2 2 4 1 119 136 112
51 2 2 4 1 199 208 204
52 2 2 4 1 66 1 67
53 2 2 4 1 161 165 155
54 2 2 4 1 100 146 98
55 2 2 4 1 150 160 128
56 2 2 4 1 133 145 113
57 2 2 4 1 204 213 211
58 2 2 4 1 69 109 66
59 2 2 4 1 113 153 148
60 2 2 4 1 82 51 81
61 2 2 4 1 186 198 182
62 2 2 4 1 52 124 99
63 2 2 4 1 5 121 74
64 2 2 4 1 186 200 198
65 2 2 4 1 153 161 148
66 2 2 4 1 117 137 132
67 2 2 4 1 141 156 143
68 2 2 4 1 104 178 112
69 2 2 4 1 3 51 82
70 2 2 4 1 177 192 186
71 2 2 4 1 199 204 184
72 2 2 4 1 112 166 134
73 2 2 4 1 62 115 89
74 2 2 4 1 115 148 129
75 2 2 4 1 180 182 176
76 2 2 4 1 68 66 67
77 2 2 4 1 69 66 68
78 2 2 4 1 52 99 51
79 2 2 4 1 169 196 165
80 2 2 4 1 94 137 117
81 2 2 4 1 101 138 122
82 2 2 4 1 192 210 200
83 2 2 4 1 113 146 133
84 2 2 4 1 55 114 92
85 2 2 4 1 175 196 158
86 2 2 4 1 129 144 89
87 2 2 4 1 185 203 198
88 2 2 4 1 187 201 195
89 2 2 4 1 116 137 94
90 2 2 4 1 173 191 181
91 2 2 4 1 170 182 160
92 2 2 4 1 102 109 69
93 2 2 4 1 134 166 141
94 2 2 4 1 64 122 100
95 2 2 4 1 66 109 65
96 2 2 4 1 160 167 128
97 2 2 4 1 107 168 154
98 2 2 4 1 135 162 85
99 2 2 4 1 184 204 192
100 2 2 4 1 92 189 178
101 2 2 4 1 75 111 87
102 2 2 4 1 96 187 168
103 2 2 4 1 183 184 173
104 2 2 4 1 133 146 138
105 2 2 4 1 129 161 155
106 2 2 4 1 92 104 53
107 2 2 4 1 104 127 53
108 2 2 4 1 208 212 91
109 2 2 4 1 109 122 65
110 2 2 4 1 195 201 193
111 2 2 4 1 112 136 104
112 2 2 4 1 153 169 161
113 2 2 4 1 86 140 103
114 2 2 4 1 160 180 167
115 2 2 4 1 194 206 202
116 2 2 4 1 193 199 184
117 2 2 4 1 75 119 111
118 2 2 4 1 64 100 98
119 2 2 4 1 167 189 92
120 2 2 4 1 161 169 165
121 2 2 4 1 142 150 128
122 2 2 4 1 95 202 24
123 2 2 4 1 126 131 108
124 2 2 4 1 141 159 156
125 2 2 4 1 165 183 181
126 2 2 4 1 117 132 88
127 2 2 4 1 96 197 187
128 2 2 4 1 172 191 173
129 2 2 4 1 98 146 113
130 2 2 4 1 204 210 192
131 2 2 4 1 88 128 114
132 2 2 4 1 106 136 119
133 2 2 4 1 128 167 114
134 2 2 4 1 160 182 180
135 2 2 4 1 207 209 201
136 2 2 4 1 199 209 208
137 2 2 4 1 51 99 81
138 2 2 4 1 98 115 63
139 2 2 4 1 180 189 167
140 2 2 4 1 184 192 177
141 2 2 4 1 170 186 182
142 2 2 4 1 208 209 105
143 2 2 4 1 183 196 195
144 2 2 4 1 108 143 125
145 2 2 4 1 122 138 100
146 2 2 4 1 165 181 155
147 2 2 4 1 165 196 183
148 2 2 4 1 98 148 115
149 2 2 4 1 73 118 101
150 2 2 4 1 14 197 96
151 2 2 4 1 183 195 193
152 2 2 4 1 60 116 94
153 2 2 4 1 173 184 177
154 2 2 4 1 120 127 104
155 2 2 4 1 142 152 150
156 2 2 4 1 149 191 163
157 2 2 4 1 131 143 108
158 2 2 4 1 150 170 160
159 2 2 4 1 88 114 56
160 2 2 4 1 65 122 64
161 2 2 4 1 177 186 170
162 2 2 4 1 188 198 194
163 2 2 4 1 88 142 128
164 2 2 4 1 57 117 88
165 2 2 4 1 139 142 132
166 2 2 4 1 112 178 166
167 2 2 4 1 113 148 98
168 2 2 4 1 84 197 14
169 2 2 4 1 137 144 139
170 2 2 4 1 151 153 113
171 2 2 4 1 55 92 54
172 2 2 4 1 54 92 53
173 2 2 4 1 53 127 52
174 2 2 4 1 64 98 63
175 2 2 4 1 89 116 61
176 2 2 4 1 193 209 199
177 2 2 4 1 89 144 137
178 2 2 4 1 173 177 157
179 2 2 4 1 154 168 158
180 2 2 4 1 141 143 131
181 2 2 4 1 56 114 55
182 2 2 4 1 89 137 116
183 2 2 4 1 63 115 62
184 2 2 4 1 168 187 175
185 2 2 4 1 210 211 206
186 2 2 4 1 164 174 162
187 2 2 4 1 202 206 83
188 2 2 4 1 144 149 139
189 2 2 4 1 106 119 75
190 2 2 4 1 206 214 83
191 2 2 4 1 181 183 173
192 2 2 4 1 156 176 164
193 2 2 4 1 62 89 61
194 2 2 4 1 156 162 135
195 2 2 4 1 57 88 56
196 2 2 4 1 198 200 194
197 2 2 4 1 94 117 58
198 2 2 4 1 139 152 142
199 2 2 4 1 200 206 194
200 2 2 4 1 194 202 95
201 2 2 4 1 26 190 25
202 2 2 4 1 182 203 176
203 2 2 4 1 132 142 88
204 2 2 4 1 204 211 210
205 2 2 4 1 190 194 95
206 2 2 4 1 176 203 164
207 2 2 4 1 61 116 60
208 2 2 4 1 213 214 211
209 2 2 4 1 58 117 57
210 2 2 4 1 52 127 124
211 2 2 4 1 201 209 193
212 2 2 4 1 157 177 170
213 2 2 4 1 90 145 133
214 2 2 4 1 188 190 179
215 2 2 4 1 185 188 174
216 2 2 4 1 149 163 139
217 2 2 4 1 27 179 26
218 2 2 4 1 74 121 90
219 2 2 4 1 139 163 152
220 2 2 4 1 103 140 130
221 2 2 4 1 118 138 101
222 2 2 4 1 159 180 176
223 2 2 4 1 166 189 180
224 2 2 4 1 59 94 58
225 2 2 4 1 60 94 59
226 2 2 4 1 17 205 16
227 2 2 4 1 157 170 150
228 2 2 4 1 158 169 147
229 2 2 4 1 174 179 171
230 2 2 4 1 111 134 131
231 2 2 4 1 140 154 147
232 2 2 4 1 4 59 58
233 2 2 4 1 147 151 130
234 2 2 4 1 124 127 110
235 2 2 4 1 156 164 162
236 2 2 4 1 125 143 135
237 2 2 4 1 86 154 140
238 2 2 4 1 76 106 75
239 2 2 4 1 84 207 201
240 2 2 4 1 120 136 106
241 2 2 4 1 110 127 120
242 2 2 4 1 102 123 122
243 2 2 4 1 168 175 158
244 2 2 4 1 172 173 157
245 2 2 4 1 25 190 95
246 2 2 4 1 84 201 197
247 2 2 4 1 187 195 175
248 2 2 4 1 154 158 147
249 2 2 4 1 181 191 155
250 2 2 4 1 200 210 206
251 2 2 4 1 111 126 87
252 2 2 4 1 34 126 108
253 2 2 4 1 74 118 73
254 2 2 4 1 179 190 26
255 2 2 4 1 148 161 129
256 2 2 4 1 90 133 118
257 2 2 4 1 79 124 110
258 2 2 4 1 211 214 206
259 2 2 4 1 164 185 174
260 2 2 4 1 185 198 188
261 2 2 4 1 83 214 22
262 2 2 4 1 159 176 156
263 2 2 4 1 178 189 166
264 2 2 4 1 91 212 19
265 2 2 4 1 174 188 179
266 2 2 4 1 133 138 118
267 2 2 4 1 16 207 84
268 2 2 4 1 19 212 105
269 2 2 4 1 8 103 7
270 2 2 4 1 105 205 17
271 2 2 4 1 188 194 190
272 2 2 4 1 22 214 213
273 2 2 4 1 90 118 74
274 2 2 4 1 171 179 27
275 2 2 4 1 119 134 111
276 2 2 4 1 138 146 100
277 2 2 4 1 32 125 97
278 2 2 4 1 205 207 16
279 2 2 4 1 103 130 121
280 2 2 4 1 166 180 159
281 2 2 4 1 162 174 171
282 2 2 4 1 130 151 145
283 2 2 4 1 111 131 126
284 2 2 4 1 143 156 135
285 2 2 4 1 24 202 23
286 2 2 4 1 23 83 22
287 2 2 4 1 152 157 150
288 2 2 4 1 21 91 20
289 2 2 4 1 20 91 19
290 2 2 4 1 18 105 17
291 2 2 4 1 19 105 18
292 2 2 4 1 22 213 21
293 2 2 4 1 25 95 24
294 2 2 4 1 16 84 15
295 2 2 4 1 15 84 14
296 2 2 4 1 78 93 77
297 2 2 4 1 77 93 76
298 2 2 4 1 140 147 130
299 2 2 4 1 87 126 34
300 2 2 4 1 99 124 79
301 2 2 4 1 152 163 157
302 2 2 4 1 14 96 13
303 2 2 4 1 13 96 12
304 2 2 4 1 108 125 32
305 2 2 4 1 30 85 29
306 2 2 4 1 29 85 28
307 2 2 4 1 73 101 72
308 2 2 4 1 72 101 71
309 2 2 4 1 101 123 71
310 2 2 4 1 11 107 10
311 2 2 4 1 12 107 11
312 2 2 4 1 28 171 27
313 2 2 4 1 93 106 76
314 2 2 4 1 141 166 159
315 2 2 4 1 9 86 8
316 2 2 4 1 10 86 9
317 2 2 4 1 130 145 121
318 2 2 4 1 79 110 78
319 2 2 4 1 134 141 131
320 2 2 4 1 163 191 172
321 2 2 4 1 147 169 153
322 2 2 4 1 197 201 187
323 2 2 4 1 147 153 151
324 2 2 4 1 104 136 120
325 2 2 4 1 137 139 132
326 2 2 4 1 93 120 106
327 2 2 4 1 31 97 30
328 2 2 4 1 32 97 31
329 2 2 4 1 23 202 83
330 2 2 4 1 6 87 34
331 2 2 4 1 71 123 102
332 2 2 4 1 81 99 80
333 2 2 4 1 80 99 79
334 2 2 4 1 155 191 149
335 2 2 4 1 71 102 70
336 2 2 4 1 70 102 69
337 2 2 4 1 21 213 91
338 2 2 4 1 33 108 32
339 2 2 4 1 34 108 33
340 2 2 4 1 162 171 85
341 2 2 4 1 164 203 185
342 2 2 4 1 125 135 97
343 2 2 4 1 7 103 5
344 2 2 4 1 195 196 175
345 2 2 4 1 85 171 28
346 2 2 4 1 103 121 5
347 2 2 4 1 78 110 93
348 2 2 4 1 105 209 205
349 2 2 4 1 110 120 93
350 2 2 4 1 121 145 90
351 2 2 4 1 122 123 101
352 2 2 4 1 163 172 157
353 2 2 4 1 105 212 208
354 2 2 4 1 205 209 207
355 2 2 4 1 75 87 6
356 2 2 4 1 86 103 8
357 2 2 4 1 10 107 86
358 2 2 4 1 96 107 12
359 2 2 4 1 30 97 85
360 2 2 4 1 97 135 85
361 2 2 4 1 107 154 86
362 2 2 4 1 115 129 89
363 2 2 4 1 204 208 91
364 2 2 4 1 91 213 204
365 2 2 4 1 92 178 104
366 2 2 4 1 114 167 92
367 2 2 4 1 96 168 107
368 2 2 4 1 102 122 109
369 2 2 4 1 112 134 119
370 2 2 4 1 145 151 113
371 2 2 4 1 129 155 144
372 2 2 4 1 144 155 149
373 2 2 4 1 198 203 182
374 2 2 4 1 192 200 186
375 2 2 4 2 265 280 242
376 2 2 4 2 266 279 256
377 2 2 4 2 327 338 335
378 2 2 4 2 70 237 229
379 2 2 4 2 340 344 335
380 2 2 4 2 308 319 311
381 2 2 4 2 318 328 313
382 2 2 4 2 283 299 285
383 2 2 4 2 82 50 3
384 2 2 4 2 80 241 50
385 2 2 4 2 315 333 299
386 2 2 4 2 239 255 230
387 2 2 4 2 328 343 300
388 2 2 4 2 230 273 227
389 2 2 4 2 234 252 5
390 2 2 4 2 259 265 248
391 2 2 4 2 67 35 68
392 2 2 4 2 74 234 5
393 2 2 4 2 1 35 67
394 2 2 4 2 322 324 319
395 2 2 4 2 340 341 215
396 2 2 4 2 70 238 237
397 2 2 4 2 309 312 303
398 2 2 4 2 81 50 82
399 2 2 4 2 80 50 81
400 2 2 4 2 37 276 36
401 2 2 4 2 13 343 339
402 2 2 4 2 308 311 293
403 2 2 4 2 232 249 241
404 2 2 4 2 285 297 271
405 2 2 4 2 289 305 279
406 2 2 4 2 230 249 239
407 2 2 4 2 262 284 272
408 2 2 4 2 6 243 75
409 2 2 4 2 220 265 242
410 2 2 4 2 235 259 248
411 2 2 4 2 246 314 258
412 2 2 4 2 232 241 80
413 2 2 4 2 261 281 240
414 2 2 4 2 271 280 265
415 2 2 4 2 46 246 221
416 2 2 4 2 285 299 297
417 2 2 4 2 271 297 280
418 2 2 4 2 287 314 246
419 2 2 4 2 258 269 221
420 2 2 4 2 226 343 13
421 2 2 4 2 257 261 234
422 2 2 4 2 247 259 235
423 2 2 4 2 308 322 319
424 2 2 4 2 281 300 226
425 2 2 4 2 220 242 233
426 2 2 4 2 6 264 243
427 2 2 4 2 243 274 263
428 2 2 4 2 36 238 35
429 2 2 4 2 50 241 49
430 2 2 4 2 318 346 328
431 2 2 4 2 74 250 234
432 2 2 4 2 274 278 263
433 2 2 4 2 301 316 308
434 2 2 4 2 266 321 289
435 2 2 4 2 228 284 262
436 2 2 4 2 307 318 313
437 2 2 4 2 242 280 266
438 2 2 4 2 278 286 263
439 2 2 4 2 288 295 267
440 2 2 4 2 311 315 283
441 2 2 4 2 290 313 300
442 2 2 4 2 242 266 256
443 2 2 4 2 48 249 230
444 2 2 4 2 322 332 324
445 2 2 4 2 307 331 325
446 2 2 4 2 243 263 223
447 2 2 4 2 309 322 316
448 2 2 4 2 248 265 220
449 2 2 4 2 325 346 318
450 2 2 4 2 324 330 319
451 2 2 4 2 47 230 227
452 2 2 4 2 279 288 260
453 2 2 4 2 312 316 294
454 2 2 4 2 225 348 19
455 2 2 4 2 215 344 340
456 2 2 4 2 299 317 310
457 2 2 4 2 324 336 334
458 2 2 4 2 233 275 245
459 2 2 4 2 292 321 266
460 2 2 4 2 309 316 312
461 2 2 4 2 225 347 345
462 2 2 4 2 258 302 283
463 2 2 4 2 345 347 342
464 2 2 4 2 317 338 327
465 2 2 4 2 337 341 336
466 2 2 4 2 236 346 342
467 2 2 4 2 260 288 272
468 2 2 4 2 263 286 268
469 2 2 4 2 256 279 275
470 2 2 4 2 236 347 17
471 2 2 4 2 272 284 260
472 2 2 4 2 227 246 47
473 2 2 4 2 325 345 342
474 2 2 4 2 37 298 228
475 2 2 4 2 250 272 257
476 2 2 4 2 317 327 310
477 2 2 4 2 329 336 324
478 2 2 4 2 342 346 325
479 2 2 4 2 324 332 329
480 2 2 4 2 317 333 330
481 2 2 4 2 44 247 235
482 2 2 4 2 227 287 246
483 2 2 4 2 233 245 39
484 2 2 4 2 267 281 261
485 2 2 4 2 279 305 295
486 2 2 4 2 68 238 69
487 2 2 4 2 69 238 70
488 2 2 4 2 220 233 39
489 2 2 4 2 41 248 220
490 2 2 4 2 269 271 259
491 2 2 4 2 260 284 275
492 2 2 4 2 270 274 264
493 2 2 4 2 300 343 226
494 2 2 4 2 316 322 308
495 2 2 4 2 307 313 305
496 2 2 4 2 278 304 294
497 2 2 4 2 221 269 259
498 2 2 4 2 49 249 48
499 2 2 4 2 286 301 293
500 2 2 4 2 334 341 340
501 2 2 4 2 241 249 49
502 2 2 4 2 48 230 47
503 2 2 4 2 330 333 319
504 2 2 4 2 290 300 281
505 2 2 4 2 221 247 45
506 2 2 4 2 279 295 288
507 2 2 4 2 256 275 233
508 2 2 4 2 237 238 36
509 2 2 4 2 320 332 323
510 2 2 4 2 299 333 317
511 2 2 4 2 301 308 293
512 2 2 4 2 35 238 68
513 2 2 4 2 335 345 325
514 2 2 4 2 294 316 301
515 2 2 4 2 331 335 325
516 2 2 4 2 310 321 292
517 2 2 4 2 221 259 247
518 2 2 4 2 294 301 278
519 2 2 4 2 242 256 233
520 2 2 4 2 39 245 38
521 2 2 4 2 275 279 260
522 2 2 4 2 302 311 283
523 2 2 4 2 47 246 46
524 2 2 4 2 38 298 37
525 2 2 4 2 327 331 310
526 2 2 4 2 293 311 302
527 2 2 4 2 46 221 45
528 2 2 4 2 40 220 39
529 2 2 4 2 41 220 40
530 2 2 4 2 311 319 315
531 2 2 4 2 235 248 42
532 2 2 4 2 299 310 292
533 2 2 4 2 280 292 266
534 2 2 4 2 345 348 225
535 2 2 4 2 215 348 344
536 2 2 4 2 222 250 74
537 2 2 4 2 286 293 268
538 2 2 4 2 307 325 318
539 2 2 4 2 321 331 307
540 2 2 4 2 257 288 267
541 2 2 4 2 330 338 317
542 2 2 4 2 223 263 254
543 2 2 4 2 324 334 330
544 2 2 4 2 303 312 291
545 2 2 4 2 296 304 282
546 2 2 4 2 45 247 44
547 2 2 4 2 42 248 41
548 2 2 4 2 295 313 290
549 2 2 4 2 280 297 292
550 2 2 4 2 336 341 334
551 2 2 4 2 342 347 236
552 2 2 4 2 334 338 330
553 2 2 4 2 269 285 271
554 2 2 4 2 259 271 265
555 2 2 4 2 329 332 320
556 2 2 4 2 43 235 2
557 2 2 4 2 44 235 43
558 2 2 4 2 2 235 42
559 2 2 4 2 245 298 38
560 2 2 4 2 23 337 24
561 2 2 4 2 229 276 251
562 2 2 4 2 237 276 229
563 2 2 4 2 28 303 29
564 2 2 4 2 328 346 217
565 2 2 4 2 344 345 335
566 2 2 4 2 327 335 331
567 2 2 4 2 326 337 336
568 2 2 4 2 75 243 223
569 2 2 4 2 268 314 244
570 2 2 4 2 263 268 244
571 2 2 4 2 334 340 338
572 2 2 4 2 262 272 250
573 2 2 4 2 275 284 245
574 2 2 4 2 218 282 270
575 2 2 4 2 305 313 295
576 2 2 4 2 267 290 281
577 2 2 4 2 224 341 337
578 2 2 4 2 257 267 261
579 2 2 4 2 278 301 286
580 2 2 4 2 310 331 321
581 2 2 4 2 344 348 345
582 2 2 4 2 289 307 305
583 2 2 4 2 289 321 307
584 2 2 4 2 264 274 243
585 2 2 4 2 13 339 14
586 2 2 4 2 270 304 278
587 2 2 4 2 223 255 231
588 2 2 4 2 224 337 23
589 2 2 4 2 24 326 320
590 2 2 4 2 282 304 270
591 2 2 4 2 26 323 216
592 2 2 4 2 297 299 292
593 2 2 4 2 24 337 326
594 2 2 4 2 267 295 290
595 2 2 4 2 272 288 257
596 2 2 4 2 72 251 222
597 2 2 4 2 320 323 26
598 2 2 4 2 29 303 291
599 2 2 4 2 216 303 28
600 2 2 4 2 29 291 277
601 2 2 4 2 291 312 306
602 2 2 4 2 277 296 31
603 2 2 4 2 293 302 268
604 2 2 4 2 229 251 72
605 2 2 4 2 17 347 18
606 2 2 4 2 31 296 282
607 2 2 4 2 250 257 234
608 2 2 4 2 323 332 309
609 2 2 4 2 19 348 20
610 2 2 4 2 249 253 239
611 2 2 4 2 20 215 21
612 2 2 4 2 254 255 223
613 2 2 4 2 21 224 22
614 2 2 4 2 22 224 23
615 2 2 4 2 326 336 329
616 2 2 4 2 18 225 19
617 2 2 4 2 26 216 27
618 2 2 4 2 27 216 28
619 2 2 4 2 24 320 25
620 2 2 4 2 25 320 26
621 2 2 4 2 16 236 17
622 2 2 4 2 15 236 16
623 2 2 4 2 302 314 268
624 2 2 4 2 222 262 250
625 2 2 4 2 216 323 309
626 2 2 4 2 306 312 294
627 2 2 4 2 14 217 15
628 2 2 4 2 218 270 264
629 2 2 4 2 75 231 76
630 2 2 4 2 76 231 77
631 2 2 4 2 216 309 303
632 2 2 4 2 12 226 13
633 2 2 4 2 11 226 12
634 2 2 4 2 30 277 31
635 2 2 4 2 29 277 30
636 2 2 4 2 33 218 34
637 2 2 4 2 32 218 33
638 2 2 4 2 72 222 73
639 2 2 4 2 73 222 74
640 2 2 4 2 31 282 32
641 2 2 4 2 231 255 239
642 2 2 4 2 10 240 11
643 2 2 4 2 9 240 10
644 2 2 4 2 239 253 78
645 2 2 4 2 319 333 315
646 2 2 4 2 291 306 277
647 2 2 4 2 228 298 284
648 2 2 4 2 258 314 302
649 2 2 4 2 7 219 8
650 2 2 4 2 8 219 9
651 2 2 4 2 71 229 72
652 2 2 4 2 70 229 71
653 2 2 4 2 232 253 249
654 2 2 4 2 277 306 296
655 2 2 4 2 77 239 78
656 2 2 4 2 296 306 304
657 2 2 4 2 7 252 219
658 2 2 4 2 251 276 262
659 2 2 4 2 5 252 7
660 2 2 4 2 326 329 320
661 2 2 4 2 14 339 217
662 2 2 4 2 284 298 245
663 2 2 4 2 252 261 219
664 2 2 4 2 78 253 232
665 2 2 4 2 223 231 75
666 2 2 4 2 270 278 274
667 2 2 4 2 254 263 244
668 2 2 4 2 18 347 225
669 2 2 4 2 20 348 215
670 2 2 4 2 218 264 34
671 2 2 4 2 244 314 287
672 2 2 4 2 244 273 254
673 2 2 4 2 79 232 80
674 2 2 4 2 78 232 79
675 2 2 4 2 244 287 273
676 2 2 4 2 34 264 6
677 2 2 4 2 262 276 228
678 2 2 4 2 255 273 230
679 2 2 4 2 32 282 218
680 2 2 4 2 273 287 227
681 2 2 4 2 231 239 77
682 2 2 4 2 251 262 222
683 2 2 4 2 254 273 255
684 2 2 4 2 309 332 322
685 2 2 4 2 339 343 217
686 2 2 4 2 304 306 294
687 2 2 4 2 217 343 328
688 2 2 4 2 219 240 9
689 2 2 4 2 11 240 226
690 2 2 4 2 217 236 15
691 2 2 4 2 215 224 21
692 2 2 4 2 36 276 237
693 2 2 4 2 228 276 37
694 2 2 4 2 215 341 224
695 2 2 4 2 217 346 236
696 2 2 4 2 219 261 240
697 2 2 4 2 246 258 221
698 2 2 4 2 240 281 226
699 2 2 4 2 234 261 252
700 2 2 4 2 258 283 269
701 2 2 4 2 266 289 279
702 2 2 4 2 283 285 269
703 2 2 4 2 283 315 299
704 2 2 4 2 313 328 300
705 2 2 4 2 338 340 335
$EndElements
