$MeshFormat
2.2 0 8
$EndMeshFormat
$PhysicalNames
4
1 1 "Γᵍ"
1 2 "Γ"
1 3 "Γᵛ"
2 4 "Ω"
$EndPhysicalNames
$Nodes
436
1 0 0 0
2 1 0 0
3 1 1 0
4 0 1 0
5 0.3 0.33 0
6 0.7 0.68 0
7 0.3137931034482759 0.3420689655172414 0
8 0.3275862068965517 0.3541379310344828 0
9 0.3413793103448276 0.3662068965517242 0
10 0.3551724137931034 0.3782758620689656 0
11 0.3689655172413793 0.3903448275862069 0
12 0.3827586206896552 0.4024137931034483 0
13 0.396551724137931 0.4144827586206897 0
14 0.4103448275862069 0.4265517241379311 0
15 0.4241379310344827 0.4386206896551724 0
16 0.4379310344827586 0.4506896551724138 0
17 0.4517241379310344 0.4627586206896552 0
18 0.4655172413793103 0.4748275862068966 0
19 0.4793103448275862 0.486896551724138 0
20 0.493103448275862 0.4989655172413793 0
21 0.5068965517241379 0.5110344827586207 0
22 0.5206896551724137 0.5231034482758621 0
23 0.5344827586206896 0.5351724137931035 0
24 0.5482758620689654 0.5472413793103449 0
25 0.5620689655172413 0.5593103448275862 0
26 0.5758620689655172 0.5713793103448276 0
27 0.5896551724137931 0.5834482758620689 0
28 0.6034482758620688 0.5955172413793104 0
29 0.6172413793103447 0.6075862068965517 0
30 0.6310344827586205 0.6196551724137931 0
31 0.6448275862068964 0.6317241379310345 0
32 0.6586206896551723 0.6437931034482759 0
33 0.6724137931034482 0.6558620689655172 0
34 0.6862068965517241 0.6679310344827587 0
35 0.05 0 0
36 0.1 0 0
37 0.15 0 0
38 0.2 0 0
39 0.25 0 0
40 0.3 0 0
41 0.35 0 0
42 0.4 0 0
43 0.45 0 0
44 0.5 0 0
45 0.55 0 0
46 0.6 0 0
47 0.65 0 0
48 0.7 0 0
49 0.75 0 0
50 0.8 0 0
51 0.85 0 0
52 0.9 0 0
53 0.95 0 0
54 0.95 1 0
55 0.9 1 0
56 0.85 1 0
57 0.8 1 0
58 0.75 1 0
59 0.7 1 0
60 0.65 1 0
61 0.6 1 0
62 0.55 1 0
63 0.5 1 0
64 0.45 1 0
65 0.4 1 0
66 0.35 1 0
67 0.3 1 0
68 0.25 1 0
69 0.2 1 0
70 0.15 1 0
71 0.09999999999999998 1 0
72 0.05000000000000004 1 0
73 0 0.95 0
74 0 0.9 0
75 0 0.85 0
76 0 0.8 0
77 0 0.75 0
78 0 0.7 0
79 0 0.65 0
80 0 0.6 0
81 0 0.55 0
82 0 0.5 0
83 0 0.45 0
84 0 0.4 0
85 0 0.35 0
86 0 0.3 0
87 0 0.25 0
88 0 0.2 0
89 0 0.15 0
90 0 0.09999999999999998 0
91 0 0.05000000000000004 0
92 0.01958785052586243 0.9562538004922406 0
93 0.03815254687089981 0.9147926453216572 0
94 0.05574752829071146 0.8754971868174111 0
95 0.07242344867758588 0.8382542979533916 0
96 0.08822831382351552 0.8029567657941488 0
97 0.1032076253112483 0.7695029701382121 0
98 0.1174045030055707 0.7377966099542254 0
99 0.1308598143619538 0.7077464145916366 0
100 0.1436122997089982 0.6792658639832374 0
101 0.1556986678228935 0.6522729751955378 0
102 0.1671537130463442 0.6266900408631647 0
103 0.1780104112354182 0.602443414907566 0
104 0.188300021845473 0.5794632845451104 0
105 0.19805215945352 0.5576835105538054 0
106 0.2072949007088747 0.5370413884168467 0
107 0.2160548547663158 0.5174774910218949 0
108 0.2243572385297361 0.4989355006169227 0
109 0.232225953660617 0.4813620368246222 0
110 0.239683652923347 0.4647065084711919 0
111 0.2467518039165714 0.4489209712529906 0
112 0.2534507547866457 0.4339599809764911 0
113 0.2597997905428412 0.4197804677876548 0
114 0.2658171892547772 0.4063416106643309 0
115 0.2715202739499865 0.393604721511697 0
116 0.276925462902198 0.3815331328517577 0
117 0.2820483151183275 0.3700920962357355 0
118 0.2869035788685531 0.3592486738602316 0
119 0.2915052315719768 0.348971649489252 0
120 0.2958665198182654 0.3392314390725405 0
121 0.957080302752816 0.02023357155938676 0
122 0.9162658597256487 0.03947466612933705 0
123 0.877453411538214 0.05777196313198486 0
124 0.8405447549301327 0.07517175839008029 0
125 0.8054465128947587 0.09171807249247094 0
126 0.7720698729139637 0.1074527741977028 0
127 0.7403303952313179 0.1224156708195216 0
128 0.7101477675311163 0.136644623878188 0
129 0.6814456338060706 0.1501756297771382 0
130 0.6541513776355661 0.1630429219718046 0
131 0.6281959303499617 0.1752790614064466 0
132 0.6035136179760618 0.186915008668428 0
133 0.5800420074399201 0.1979801964926091 0
134 0.5577217022876731 0.2085026260643827 0
135 0.5364962346212172 0.2185089179642833 0
136 0.5163118983459576 0.2280243907797628 0
137 0.4971176243020651 0.2370731199718836 0
138 0.4788648516938964 0.2456779984871632 0
139 0.4615073960552166 0.2538607990025407 0
140 0.4450013430716883 0.2616422239804898 0
141 0.4293049315435405 0.2690419608437595 0
142 0.4143784456353954 0.276078732771885 0
143 0.4001841193247317 0.2827703437469122 0
144 0.3866860401994051 0.2891337239059947 0
145 0.3738500556377462 0.2951849737707768 0
146 0.3616436916343162 0.3009394025152509 0
147 0.350036058823757 0.3064115722688003 0
148 0.3389977962862367 0.311615324607917 0
149 0.3285009718281654 0.316563827566722 0
150 0.318519029204407 0.3212696005179224 0
151 0.3090267107517291 0.3257445506456135 0
152 0.2957885714547732 0.3209526674761329 0
153 0.3444532328765152 0.2970746790949042 0
154 0.3937844106384203 0.2684928750407359 0
155 0.2639368354766141 0.3832669842557452 0
156 0.4540274363365943 0.2362287174113272 0
157 0.2519903563680484 0.0505982416743706 0
158 0.04999999999999999 0.3 0
159 0.2375402987693926 0.4361530835515929 0
160 0.506934707058498 0.2082603040229853 0
161 0.1952493785514935 0.5203453248754012 0
162 0.04999999999999993 0.45 0
163 0.4010453725612899 0.04737697541890884 0
164 0.5699160278668827 0.1740988297238131 0
165 0.04999999999999993 0.2 0
166 0.1635753601386138 0.5827643931058184 0
167 0.6169219819731128 0.1496692555687874 0
168 0.551381752805735 0.04726524475286659 0
169 0.1564786685371025 0.04913967495692556 0
170 0.6962345389858096 0.1090065153578645 0
171 0.1266500121852577 0.6561479984188661 0
172 0.04021136698003719 0.6030460996465228 0
173 0.6499999999999999 0.04999999999999993 0
174 0.2805759992155515 0.3504781387115735 0
175 0.09629447727991225 0.7079833906604736 0
176 0.04999999999999993 0.1 0
177 0.7633576473462749 0.07696936224102047 0
178 0.2135372279854853 0.4839380963109916 0
179 0.2515254642977547 0.4083115863601534 0
180 0.05593487485441967 0.7035854774048778 0
181 0.07329602156536255 0.7728288434170552 0
182 0.05033653462785609 0.5445746284867453 0
183 0.05109724226670032 0.3958102507441156 0
184 0.5 0.04999999999999999 0
185 0.35 0.04999999999999999 0
186 0.8277668572400627 0.03956878806652353 0
187 0.04999999999999999 0.04999999999999999 0
188 0.3682746512015592 0.2825199239747298 0
189 0.4226231608203479 0.2530344380291293 0
190 0.3329663097296422 0.3041332923274757 0
191 0.4897352372060138 0.2196124589059471 0
192 0.5271429237329657 0.1970228392685984 0
193 0.6422322507329343 0.13533922638111 0
194 0.3137379803973879 0.3126293946049954 0
195 0.2696544278404548 0.3717130716595212 0
196 0.2219711193351305 0.4671480103169023 0
197 0.1748901810346361 0.5608761654783139 0
198 0.1396097274734612 0.6303599461228377 0
199 0.03751611569572294 0.8326523736925204 0
200 0.7468372625124624 0.05412226840086543 0
201 0.2894123196496809 0.3300188334884255 0
202 0.2577490050103553 0.3954192115676655 0
203 0.2447204056855303 0.4218590149138988 0
204 0.2299644730503918 0.4512349426114866 0
205 0.2046385213482558 0.5016535347253326 0
206 0.1853427711794859 0.5400672765913643 0
207 0.1518942544603143 0.6059193604466099 0
208 0.1122128459212341 0.6809312718782632 0
209 0.08124928305349363 0.7401562313065295 0
210 0.2749658074947268 0.3616009039052687 0
211 0.05152644000793277 0.7995157591811251 0
212 0.2826944554381817 0.3195543110238883 0
213 0.2449818707478815 0.3961567076081671 0
214 0.4797823242958003 0.2031340864790737 0
215 0.3887647393509903 0.09118862599839841 0
216 0.2013174315106881 0.4682586553850493 0
217 0.175346908294935 0.5214070417410823 0
218 0.0894337567297406 0.4394337567297407 0
219 0.5406130731850014 0.08494378113346535 0
220 0.2616585700607622 0.3614594022069478 0
221 0.1312468366524222 0.5840858105451348 0
222 0.09961537228906328 0.6564185996328139 0
223 0.3302304542945109 0.2937898904997787 0
224 0.6014440082297148 0.1251310731195214 0
225 0.2190009813900064 0.437155712854743 0
226 0.04626417077732459 0.4947697946270894 0
227 0.7059801968447463 0.04585460968409844 0
228 0.04637340302259252 0.3431761859064789 0
229 0.6055313446646033 0.04536462991869578 0
230 0.4534459563487261 0.04655404365127391 0
231 0.09044354701106769 0.5891837737918268 0
232 0.303349825005569 0.04665017499443097 0
233 0.04120902289128792 0.6615906303686141 0
234 0.04821932217830738 0.2427817981226962 0
235 0.2032667085667631 0.04673329143323685 0
236 0.04957950018865215 0.1495795001886522 0
237 0.09825062243426019 0.09808792808909697 0
238 0.1124249490138809 0.04920886168490801 0
239 0.7301314493665521 0.08455559660110851 0
240 0.4079040528112097 0.2607942935249999 0
241 0.3811553874844966 0.275596302217295 0
242 0.4374523809838499 0.2449575424706241 0
243 0.3566450418600257 0.288689826766575 0
244 0.5478596772382081 0.1857382359772575 0
245 0.5931809519473091 0.1566087381118584 0
246 0.04135819630444815 0.7492400962643335 0
247 0.4717512656838636 0.223952446665889 0
248 0.6697197096725251 0.1212941386845093 0
249 0.4967491458562104 0.1869960548088388 0
250 0.79101097235635 0.05414687553944342 0
251 0.3037635717001786 0.3151733755517661 0
252 0.3221040424318254 0.3038916991800294 0
253 0.2491330426573827 0.3841132401878641 0
254 0.2303200995406333 0.4226386301091376 0
255 0.181630986146964 0.5028844301243421 0
256 0.1453149081366664 0.5610721331616452 0
257 0.1081061078255542 0.6321015227066562 0
258 0.07898036823788043 0.674491568872414 0
259 0.2348760784821922 0.4092136346030235 0
260 0.2139256432985487 0.4520992165264585 0
261 0.1956705369457035 0.4848959708190086 0
262 0.1597142025870443 0.5414318210569291 0
263 0.1220708009618443 0.6075812681478966 0
264 0.2580214133008214 0.3723381738074603 0
265 0.2842832515112836 0.3397485933063665 0
266 0.2048561087749185 0.09062868171489835 0
267 0.08546891567947157 0.2648557202686305 0
268 0.2312103657019568 0.3841548695659529 0
269 0.3739619053758458 0.2638953725575943 0
270 0.4147268963358025 0.2372127914794305 0
271 0.1966536304711473 0.437407531619805 0
272 0.4685937768465236 0.1836174765599273 0
273 0.1547972030096876 0.5023063560573752 0
274 0.4638366682719812 0.08923782486666532 0
275 0.08929447095040549 0.4831218822978602 0
276 0.1262428880426306 0.536577131830876 0
277 0.5385188372687228 0.1602582656203316 0
278 0.310915433102753 0.301210204019243 0
279 0.2913849516649386 0.3108751964323246 0
280 0.1494928575467585 0.096366558300712 0
281 0.2846885986910082 0.08379669645235099 0
282 0.350565918564722 0.0911897699730238 0
283 0.08799660163515111 0.3577644741586491 0
284 0.2462516309904941 0.3657599577627906 0
285 0.09029595347381836 0.5491378032559222 0
286 0.5010824729938834 0.09625944512856166 0
287 0.09612330325246288 0.1455105703987533 0
288 0.09051934390001176 0.3989144128297288 0
289 0.6314342683617573 0.1043100416713119 0
290 0.2767169001459992 0.3294997245881752 0
291 0.6867187860247196 0.07588489319533581 0
292 0.3864816801302351 0.2533682002059074 0
293 0.07260133796744511 0.6362862962896285 0
294 0.3416275091688982 0.2822683147228908 0
295 0.4289754076237855 0.2271734728662953 0
296 0.1766332363308791 0.4683316752309936 0
297 0.2149609271269203 0.4093041155712077 0
298 0.5159094015395846 0.1740204080570096 0
299 0.4612010088894741 0.2032269071785131 0
300 0.5707107741196218 0.1325775475211338 0
301 0.2711845541187306 0.3424230200505063 0
302 0.4250321814912232 0.08933698409448279 0
303 0.3166874494907177 0.291626918630905 0
304 0.5880357333400823 0.08292333929389786 0
305 0.1147282549305813 0.5603337878587371 0
306 0.3628975906225401 0.2466794864286982 0
307 0.2287927438688117 0.3648251810695828 0
308 0.4017274003593461 0.2235051143971471 0
309 0.1930599157277071 0.4142530856193442 0
310 0.3529932834341815 0.1299521750765881 0
311 0.1222465146912439 0.4314492964230698 0
312 0.1234169267161954 0.362235619092837 0
313 0.4397612626639774 0.1881328832063361 0
314 0.4301146648748803 0.1295129655330769 0
315 0.5025394958460064 0.1501931012783916 0
316 0.2610645611852616 0.3314439514521674 0
317 0.2797854095725056 0.307833754639021 0
318 0.09490377824252386 0.1907324204635634 0
319 0.188298153542321 0.1365616062913014 0
320 0.1515382405531545 0.4729792612657533 0
321 0.1010253682812375 0.2951021007005258 0
322 0.3582669844666562 0.2691490083988886 0
323 0.1726542237248981 0.4427284744052263 0
324 0.1428052342200971 0.1424313457520671 0
325 0.252268503446852 0.1038446145931863 0
326 0.1170537227221551 0.5040598214032495 0
327 0.3015951930245728 0.2918581672715312 0
328 0.3262191032687308 0.2795070807640625 0
329 0.5016890835069847 0.1252340209828734 0
330 0.6595294549500595 0.08808411774377206 0
331 0.256013054618176 0.3483948148892551 0
332 0.2117883673077648 0.3886587902540763 0
333 0.4014371104300759 0.244398971575745 0
334 0.08658129009903176 0.5187068436502904 0
335 0.3013204985749322 0.304647418732004 0
336 0.4461164149572056 0.2172976429813395 0
337 0.4838388093785422 0.1624927791443401 0
338 0.5605640111461785 0.149315174432413 0
339 0.6244676531889841 0.07024210158128019 0
340 0.268900841891053 0.3539406230398224 0
341 0.1267743947591375 0.2645955784033528 0
342 0.2090697666510331 0.3689924643573293 0
343 0.1823484441178242 0.1761808804563821 0
344 0.3457669373048139 0.254494714136725 0
345 0.283554980062983 0.1252625647851769 0
346 0.1692712653280792 0.4181825855832456 0
347 0.2458380424194913 0.3320874884795678 0
348 0.3804524000654255 0.2349261095070352 0
349 0.1258022669390861 0.3966298179554602 0
350 0.3959881002143443 0.1276339263096104 0
351 0.135520607955626 0.1830605055787795 0
352 0.4765910487515392 0.1294077018251615 0
353 0.4200306780211653 0.2074687233613285 0
354 0.4536183589286141 0.1562033061149753 0
355 0.2879129727418736 0.295679118727506 0
356 0.3359642186406298 0.2666036158733556 0
357 0.1287847204863907 0.4741543311448396 0
358 0.5369294753936174 0.1272776792048883 0
359 0.3113956774367702 0.2776432800855999 0
360 0.3170792163671973 0.1276873812377905 0
361 0.1192285708443067 0.3264484296127936 0
362 0.2702005030810147 0.3166189748367194 0
363 0.1907948087867973 0.3931616855273291 0
364 0.1474704286726317 0.4470642205565747 0
365 0.237026442789608 0.3490482667166035 0
366 0.3371966167686677 0.2375137757492172 0
367 0.3738247622537668 0.2138466421384398 0
368 0.3248218919284905 0.1619737163624842 0
369 0.4120412721090366 0.1836469251247931 0
370 0.2202574475777146 0.1737521907414165 0
371 0.1807512572524155 0.3699292115861229 0
372 0.2276987272822854 0.3325232040281496 0
373 0.3852516177018273 0.1630919505338625 0
374 0.172511271983721 0.2133975605638404 0
375 0.2544601845982976 0.132454454169654 0
376 0.1604179795009035 0.3941398075618168 0
377 0.149665216263042 0.3302072663420463 0
378 0.1365737272156481 0.2244889501005601 0
379 0.4194625460821133 0.1580369928037757 0
380 0.2966923133689288 0.2779595382200266 0
381 0.2545421536026208 0.3161682269492799 0
382 0.2697221567053683 0.2990333321135378 0
383 0.1287750764894084 0.2977215457014566 0
384 0.3213218262256776 0.2678707859775577 0
385 0.2175439012756146 0.3502565552976452 0
386 0.5640180216021746 0.1067751796261512 0
387 0.08092478875665754 0.3244982380756895 0
388 0.1433807365284899 0.4189273224499076 0
389 0.3129953506890416 0.09033239913039864 0
390 0.3242667978940633 0.2522682786280018 0
391 0.2512514885072147 0.2985749673056757 0
392 0.1627390380107849 0.2522795875024205 0
393 0.3115399443879933 0.2329025761553785 0
394 0.2910116078132245 0.1632995592978246 0
395 0.2038251188624202 0.3349957862181581 0
396 0.3545981853729225 0.2261892902495131 0
397 0.1586595035441933 0.2926294241027899 0
398 0.3926806776601511 0.1973351529823771 0
399 0.2807962454123465 0.2784199122223329 0
400 0.2380984363305756 0.3152154063856334 0
401 0.1529566677646544 0.3664393811389884 0
402 0.352315376136878 0.1661709953937735 0
403 0.2086668462107392 0.2065501709675445 0
404 0.3068001283154044 0.2635451560156005 0
405 0.09238688262247458 0.2320701570482614 0
406 0.2296509131318072 0.1363713079406639 0
407 0.1971603838277728 0.3538977610255913 0
408 0.2294889592815686 0.2967786720931399 0
409 0.2429607395315348 0.2000754043838893 0
410 0.3340227251766391 0.1907657041124965 0
411 0.191504280801799 0.2774041778876028 0
412 0.2962873355082937 0.2465560789507115 0
413 0.3632083355157644 0.1924515623386916 0
414 0.1860969459213436 0.3127953329296888 0
415 0.2571620101105504 0.1616160329655036 0
416 0.1970415198181046 0.2421022328767651 0
417 0.3267301963719824 0.216371330305584 0
418 0.2597874737770557 0.2753611348408432 0
419 0.1784092649819414 0.3447107898734326 0
420 0.2150340806391258 0.3147210322775608 0
421 0.290023390566926 0.2601063523820246 0
422 0.3066926843792934 0.1911359868577412 0
423 0.2765196054116584 0.2449209610257536 0
424 0.2169210585550937 0.2600841642401614 0
425 0.2331250964061611 0.2382105468218031 0
426 0.2066563598674106 0.296070546532802 0
427 0.2848857652848639 0.2270559867308195 0
428 0.2406924634630486 0.282683727570859 0
429 0.34759075426619 0.2064139197269403 0
430 0.3020162646184104 0.2113854479354396 0
431 0.2784095266544212 0.1951146935514015 0
432 0.2719423319286325 0.2614092492080186 0
433 0.2590326380052772 0.2270637716750274 0
434 0.2538303472553475 0.2491635187510003 0
435 0.2391217637318889 0.2639908250052543 0
436 0.2207308142834682 0.2795020188883032 0
$EndNodes
$Elements
739
1 1 2 3 1 5 7
2 1 2 3 1 7 8
3 1 2 3 1 8 9
4 1 2 3 1 9 10
5 1 2 3 1 10 11
6 1 2 3 1 11 12
7 1 2 3 1 12 13
8 1 2 3 1 13 14
9 1 2 3 1 14 15
10 1 2 3 1 15 16
11 1 2 3 1 16 17
12 1 2 3 1 17 18
13 1 2 3 1 18 19
14 1 2 3 1 19 20
15 1 2 3 1 20 21
16 1 2 3 1 21 22
17 1 2 3 1 22 23
18 1 2 3 1 23 24
19 1 2 3 1 24 25
20 1 2 3 1 25 26
21 1 2 3 1 26 27
22 1 2 3 1 27 28
23 1 2 3 1 28 29
24 1 2 3 1 29 30
25 1 2 3 1 30 31
26 1 2 3 1 31 32
27 1 2 3 1 32 33
28 1 2 3 1 33 34
29 1 2 3 1 34 6
30 1 2 2 2 1 35
31 1 2 2 2 35 36
32 1 2 2 2 36 37
33 1 2 2 2 37 38
34 1 2 2 2 38 39
35 1 2 2 2 39 40
36 1 2 2 2 40 41
37 1 2 2 2 41 42
38 1 2 2 2 42 43
39 1 2 2 2 43 44
40 1 2 2 2 44 45
41 1 2 2 2 45 46
42 1 2 2 2 46 47
43 1 2 2 2 47 48
44 1 2 2 2 48 49
45 1 2 2 2 49 50
46 1 2 2 2 50 51
47 1 2 2 2 51 52
48 1 2 2 2 52 53
49 1 2 2 2 53 2
50 1 2 1 4 3 54
51 1 2 1 4 54 55
52 1 2 1 4 55 56
53 1 2 1 4 56 57
54 1 2 1 4 57 58
55 1 2 1 4 58 59
56 1 2 1 4 59 60
57 1 2 1 4 60 61
58 1 2 1 4 61 62
59 1 2 1 4 62 63
60 1 2 1 4 63 64
61 1 2 1 4 64 65
62 1 2 1 4 65 66
63 1 2 1 4 66 67
64 1 2 1 4 67 68
65 1 2 1 4 68 69
66 1 2 1 4 69 70
67 1 2 1 4 70 71
68 1 2 1 4 71 72
69 1 2 1 4 72 4
70 2 2 4 1 418 434 432
71 2 2 4 1 314 379 350
72 2 2 4 1 123 186 51
73 2 2 4 1 377 401 312
74 2 2 4 1 74 93 73
75 2 2 4 1 398 413 373
76 2 2 4 1 266 319 280
77 2 2 4 1 286 358 329
78 2 2 4 1 369 398 373
79 2 2 4 1 259 268 213
80 2 2 4 1 216 271 260
81 2 2 4 1 255 296 261
82 2 2 4 1 262 273 217
83 2 2 4 1 225 297 254
84 2 2 4 1 329 358 315
85 2 2 4 1 253 284 264
86 2 2 4 1 175 209 180
87 2 2 4 1 418 435 434
88 2 2 4 1 392 397 341
89 2 2 4 1 370 403 343
90 2 2 4 1 343 403 374
91 2 2 4 1 301 340 331
92 2 2 4 1 304 386 219
93 2 2 4 1 231 263 257
94 2 2 4 1 53 122 52
95 2 2 4 1 411 414 397
96 2 2 4 1 363 376 371
97 2 2 4 1 427 431 430
98 2 2 4 1 407 419 395
99 2 2 4 1 294 356 322
100 2 2 4 1 414 420 395
101 2 2 4 1 329 352 286
102 2 2 4 1 216 296 271
103 2 2 4 1 273 296 255
104 2 2 4 1 271 297 225
105 2 2 4 1 262 276 273
106 2 2 4 1 373 402 310
107 2 2 4 1 123 51 52
108 2 2 4 1 221 263 231
109 2 2 4 1 427 433 431
110 2 2 4 1 259 297 268
111 2 2 4 1 333 348 308
112 2 2 4 1 226 334 182
113 2 2 4 1 403 416 374
114 2 2 4 1 228 283 183
115 2 2 4 1 301 331 316
116 2 2 4 1 231 305 221
117 2 2 4 1 172 293 233
118 2 2 4 1 268 284 253
119 2 2 4 1 266 280 169
120 2 2 4 1 229 304 168
121 2 2 4 1 75 94 74
122 2 2 4 1 227 291 173
123 2 2 4 1 230 302 163
124 2 2 4 1 395 419 414
125 2 2 4 1 168 304 219
126 2 2 4 1 209 246 180
127 2 2 4 1 414 426 420
128 2 2 4 1 349 401 376
129 2 2 4 1 337 352 315
130 2 2 4 1 337 354 352
131 2 2 4 1 319 343 324
132 2 2 4 1 49 250 200
133 2 2 4 1 218 357 275
134 2 2 4 1 350 373 310
135 2 2 4 1 417 430 422
136 2 2 4 1 232 281 157
137 2 2 4 1 343 374 351
138 2 2 4 1 257 293 231
139 2 2 4 1 376 401 371
140 2 2 4 1 239 291 227
141 2 2 4 1 296 323 271
142 2 2 4 1 273 320 296
143 2 2 4 1 381 382 362
144 2 2 4 1 276 326 273
145 2 2 4 1 271 309 297
146 2 2 4 1 311 357 218
147 2 2 4 1 383 397 377
148 2 2 4 1 373 379 369
149 2 2 4 1 297 332 268
150 2 2 4 1 310 402 368
151 2 2 4 1 417 422 410
152 2 2 4 1 416 425 424
153 2 2 4 1 52 122 123
154 2 2 4 1 348 367 308
155 2 2 4 1 182 231 172
156 2 2 4 1 392 411 397
157 2 2 4 1 235 266 169
158 2 2 4 1 200 239 227
159 2 2 4 1 183 218 162
160 2 2 4 1 273 357 320
161 2 2 4 1 312 401 349
162 2 2 4 1 276 334 326
163 2 2 4 1 168 219 184
164 2 2 4 1 268 307 284
165 2 2 4 1 299 336 313
166 2 2 4 1 234 267 158
167 2 2 4 1 163 215 185
168 2 2 4 1 286 352 274
169 2 2 4 1 323 364 346
170 2 2 4 1 50 250 49
171 2 2 4 1 431 433 409
172 2 2 4 1 336 353 313
173 2 2 4 1 172 233 79
174 2 2 4 1 346 363 309
175 2 2 4 1 211 246 181
176 2 2 4 1 377 419 401
177 2 2 4 1 82 226 182
178 2 2 4 1 428 436 435
179 2 2 4 1 375 406 325
180 2 2 4 1 332 363 342
181 2 2 4 1 48 227 173
182 2 2 4 1 319 324 280
183 2 2 4 1 85 228 183
184 2 2 4 1 266 406 319
185 2 2 4 1 148 190 153
186 2 2 4 1 186 250 50
187 2 2 4 1 343 351 324
188 2 2 4 1 46 229 168
189 2 2 4 1 231 293 172
190 2 2 4 1 265 290 201
191 2 2 4 1 43 230 163
192 2 2 4 1 373 413 402
193 2 2 4 1 403 425 416
194 2 2 4 1 404 412 390
195 2 2 4 1 326 357 273
196 2 2 4 1 40 232 157
197 2 2 4 1 234 405 267
198 2 2 4 1 288 349 311
199 2 2 4 1 296 364 323
200 2 2 4 1 271 346 309
201 2 2 4 1 325 406 266
202 2 2 4 1 381 391 382
203 2 2 4 1 215 350 310
204 2 2 4 1 297 363 332
205 2 2 4 1 349 388 311
206 2 2 4 1 201 290 212
207 2 2 4 1 276 305 285
208 2 2 4 1 430 431 422
209 2 2 4 1 218 275 162
210 2 2 4 1 283 312 288
211 2 2 4 1 364 388 346
212 2 2 4 1 275 334 226
213 2 2 4 1 268 342 307
214 2 2 4 1 275 357 326
215 2 2 4 1 315 352 329
216 2 2 4 1 95 211 96
217 2 2 4 1 288 311 218
218 2 2 4 1 363 371 342
219 2 2 4 1 76 246 211
220 2 2 4 1 162 275 226
221 2 2 4 1 346 376 363
222 2 2 4 1 219 358 286
223 2 2 4 1 320 364 296
224 2 2 4 1 323 346 271
225 2 2 4 1 424 436 411
226 2 2 4 1 435 436 424
227 2 2 4 1 374 378 351
228 2 2 4 1 233 258 180
229 2 2 4 1 302 350 215
230 2 2 4 1 311 364 357
231 2 2 4 1 309 363 297
232 2 2 4 1 274 352 314
233 2 2 4 1 38 235 169
234 2 2 4 1 87 234 158
235 2 2 4 1 184 274 230
236 2 2 4 1 76 211 199
237 2 2 4 1 326 334 275
238 2 2 4 1 158 387 228
239 2 2 4 1 274 302 230
240 2 2 4 1 81 182 172
241 2 2 4 1 370 415 409
242 2 2 4 1 215 310 282
243 2 2 4 1 78 233 180
244 2 2 4 1 410 422 368
245 2 2 4 1 243 322 188
246 2 2 4 1 285 334 276
247 2 2 4 1 75 199 94
248 2 2 4 1 84 183 162
249 2 2 4 1 258 293 222
250 2 2 4 1 411 436 426
251 2 2 4 1 390 412 393
252 2 2 4 1 180 246 78
253 2 2 4 1 409 425 403
254 2 2 4 1 162 226 83
255 2 2 4 1 200 227 49
256 2 2 4 1 341 397 383
257 2 2 4 1 94 199 95
258 2 2 4 1 361 377 312
259 2 2 4 1 184 286 274
260 2 2 4 1 221 305 256
261 2 2 4 1 190 223 153
262 2 2 4 1 267 341 321
263 2 2 4 1 185 389 232
264 2 2 4 1 168 184 44
265 2 2 4 1 158 228 86
266 2 2 4 1 175 258 208
267 2 2 4 1 414 419 377
268 2 2 4 1 165 405 234
269 2 2 4 1 314 350 302
270 2 2 4 1 173 229 47
271 2 2 4 1 163 185 41
272 2 2 4 1 332 342 268
273 2 2 4 1 184 230 44
274 2 2 4 1 409 433 425
275 2 2 4 1 185 232 41
276 2 2 4 1 312 349 288
277 2 2 4 1 310 368 360
278 2 2 4 1 236 318 165
279 2 2 4 1 173 339 229
280 2 2 4 1 341 383 321
281 2 2 4 1 318 405 165
282 2 2 4 1 425 435 424
283 2 2 4 1 384 404 390
284 2 2 4 1 281 345 325
285 2 2 4 1 371 419 407
286 2 2 4 1 157 235 39
287 2 2 4 1 345 415 375
288 2 2 4 1 157 325 266
289 2 2 4 1 341 405 378
290 2 2 4 1 283 361 312
291 2 2 4 1 413 429 410
292 2 2 4 1 434 435 425
293 2 2 4 1 119 265 120
294 2 2 4 1 157 266 235
295 2 2 4 1 283 288 183
296 2 2 4 1 322 356 344
297 2 2 4 1 331 340 220
298 2 2 4 1 199 211 95
299 2 2 4 1 310 360 282
300 2 2 4 1 280 324 237
301 2 2 4 1 319 370 343
302 2 2 4 1 274 314 302
303 2 2 4 1 368 394 360
304 2 2 4 1 362 382 317
305 2 2 4 1 251 335 194
306 2 2 4 1 77 246 76
307 2 2 4 1 348 396 367
308 2 2 4 1 345 375 325
309 2 2 4 1 238 280 237
310 2 2 4 1 270 333 308
311 2 2 4 1 378 392 341
312 2 2 4 1 287 351 318
313 2 2 4 1 374 392 378
314 2 2 4 1 237 324 287
315 2 2 4 1 402 413 410
316 2 2 4 1 232 389 281
317 2 2 4 1 80 172 79
318 2 2 4 1 81 172 80
319 2 2 4 1 82 182 81
320 2 2 4 1 228 387 283
321 2 2 4 1 84 162 83
322 2 2 4 1 433 434 425
323 2 2 4 1 165 234 88
324 2 2 4 1 422 431 394
325 2 2 4 1 85 183 84
326 2 2 4 1 324 351 287
327 2 2 4 1 150 194 149
328 2 2 4 1 76 199 75
329 2 2 4 1 287 318 236
330 2 2 4 1 87 158 86
331 2 2 4 1 48 173 47
332 2 2 4 1 79 233 78
333 2 2 4 1 394 415 345
334 2 2 4 1 45 168 44
335 2 2 4 1 46 168 45
336 2 2 4 1 83 226 82
337 2 2 4 1 42 163 41
338 2 2 4 1 43 163 42
339 2 2 4 1 49 227 48
340 2 2 4 1 51 186 50
341 2 2 4 1 86 228 85
342 2 2 4 1 188 269 241
343 2 2 4 1 78 246 77
344 2 2 4 1 40 157 39
345 2 2 4 1 47 229 46
346 2 2 4 1 281 389 345
347 2 2 4 1 44 230 43
348 2 2 4 1 345 389 360
349 2 2 4 1 41 232 40
350 2 2 4 1 397 414 377
351 2 2 4 1 167 245 224
352 2 2 4 1 187 238 237
353 2 2 4 1 368 422 394
354 2 2 4 1 89 236 165
355 2 2 4 1 406 415 370
356 2 2 4 1 163 302 215
357 2 2 4 1 351 378 318
358 2 2 4 1 378 405 318
359 2 2 4 1 416 424 411
360 2 2 4 1 169 280 238
361 2 2 4 1 176 287 236
362 2 2 4 1 290 362 212
363 2 2 4 1 321 383 361
364 2 2 4 1 321 387 158
365 2 2 4 1 88 234 87
366 2 2 4 1 215 282 185
367 2 2 4 1 219 286 184
368 2 2 4 1 237 287 176
369 2 2 4 1 369 379 313
370 2 2 4 1 36 238 187
371 2 2 4 1 39 235 38
372 2 2 4 1 229 339 304
373 2 2 4 1 267 321 158
374 2 2 4 1 245 338 300
375 2 2 4 1 182 285 231
376 2 2 4 1 352 354 314
377 2 2 4 1 183 288 218
378 2 2 4 1 188 322 269
379 2 2 4 1 361 383 377
380 2 2 4 1 247 336 299
381 2 2 4 1 181 246 209
382 2 2 4 1 137 191 136
383 2 2 4 1 187 237 176
384 2 2 4 1 128 170 127
385 2 2 4 1 180 258 175
386 2 2 4 1 370 409 403
387 2 2 4 1 372 420 400
388 2 2 4 1 182 334 285
389 2 2 4 1 245 300 224
390 2 2 4 1 169 238 37
391 2 2 4 1 176 236 90
392 2 2 4 1 89 165 88
393 2 2 4 1 269 322 306
394 2 2 4 1 124 186 123
395 2 2 4 1 319 406 370
396 2 2 4 1 222 293 257
397 2 2 4 1 347 400 381
398 2 2 4 1 267 405 341
399 2 2 4 1 38 169 37
400 2 2 4 1 90 236 89
401 2 2 4 1 281 325 157
402 2 2 4 1 316 381 362
403 2 2 4 1 91 187 176
404 2 2 4 1 360 394 345
405 2 2 4 1 91 176 90
406 2 2 4 1 37 238 36
407 2 2 4 1 353 369 313
408 2 2 4 1 376 388 349
409 2 2 4 1 194 335 278
410 2 2 4 1 282 389 185
411 2 2 4 1 191 247 214
412 2 2 4 1 148 153 147
413 2 2 4 1 1 187 91
414 2 2 4 1 36 187 35
415 2 2 4 1 35 187 1
416 2 2 4 1 401 419 371
417 2 2 4 1 277 358 338
418 2 2 4 1 285 305 231
419 2 2 4 1 415 431 409
420 2 2 4 1 402 410 368
421 2 2 4 1 391 428 418
422 2 2 4 1 143 154 142
423 2 2 4 1 141 189 140
424 2 2 4 1 139 156 138
425 2 2 4 1 145 188 144
426 2 2 4 1 136 160 135
427 2 2 4 1 142 240 141
428 2 2 4 1 147 153 146
429 2 2 4 1 144 241 143
430 2 2 4 1 140 242 139
431 2 2 4 1 135 192 134
432 2 2 4 1 138 247 137
433 2 2 4 1 146 243 145
434 2 2 4 1 133 164 132
435 2 2 4 1 134 244 133
436 2 2 4 1 284 331 220
437 2 2 4 1 131 167 130
438 2 2 4 1 130 193 129
439 2 2 4 1 132 245 131
440 2 2 4 1 136 191 160
441 2 2 4 1 129 248 128
442 2 2 4 1 374 416 392
443 2 2 4 1 127 239 126
444 2 2 4 1 396 429 367
445 2 2 4 1 126 177 125
446 2 2 4 1 247 299 214
447 2 2 4 1 394 431 415
448 2 2 4 1 299 313 272
449 2 2 4 1 322 344 306
450 2 2 4 1 125 250 124
451 2 2 4 1 353 398 369
452 2 2 4 1 214 299 272
453 2 2 4 1 174 265 119
454 2 2 4 1 149 190 148
455 2 2 4 1 194 252 149
456 2 2 4 1 313 379 354
457 2 2 4 1 233 293 258
458 2 2 4 1 354 379 314
459 2 2 4 1 210 340 174
460 2 2 4 1 279 355 335
461 2 2 4 1 304 339 289
462 2 2 4 1 177 239 200
463 2 2 4 1 306 396 348
464 2 2 4 1 360 389 282
465 2 2 4 1 381 400 391
466 2 2 4 1 265 301 290
467 2 2 4 1 404 421 412
468 2 2 4 1 283 387 361
469 2 2 4 1 248 330 170
470 2 2 4 1 190 252 223
471 2 2 4 1 347 381 316
472 2 2 4 1 191 214 160
473 2 2 4 1 382 418 399
474 2 2 4 1 174 340 301
475 2 2 4 1 152 279 251
476 2 2 4 1 408 428 391
477 2 2 4 1 240 333 189
478 2 2 4 1 395 420 372
479 2 2 4 1 151 194 150
480 2 2 4 1 367 429 413
481 2 2 4 1 372 400 347
482 2 2 4 1 188 241 144
483 2 2 4 1 154 240 142
484 2 2 4 1 189 270 242
485 2 2 4 1 156 336 247
486 2 2 4 1 189 242 140
487 2 2 4 1 156 247 138
488 2 2 4 1 153 243 146
489 2 2 4 1 154 292 240
490 2 2 4 1 170 239 127
491 2 2 4 1 192 298 244
492 2 2 4 1 164 338 245
493 2 2 4 1 367 413 398
494 2 2 4 1 417 429 396
495 2 2 4 1 192 244 134
496 2 2 4 1 292 333 240
497 2 2 4 1 366 396 306
498 2 2 4 1 391 418 382
499 2 2 4 1 164 245 132
500 2 2 4 1 295 336 156
501 2 2 4 1 193 289 248
502 2 2 4 1 193 248 129
503 2 2 4 1 249 298 192
504 2 2 4 1 361 387 321
505 2 2 4 1 277 338 164
506 2 2 4 1 269 292 154
507 2 2 4 1 316 362 290
508 2 2 4 1 224 289 193
509 2 2 4 1 160 249 192
510 2 2 4 1 214 249 160
511 2 2 4 1 306 348 292
512 2 2 4 1 292 348 333
513 2 2 4 1 143 241 154
514 2 2 4 1 141 240 189
515 2 2 4 1 167 224 193
516 2 2 4 1 139 242 156
517 2 2 4 1 278 303 252
518 2 2 4 1 308 353 295
519 2 2 4 1 160 192 135
520 2 2 4 1 189 333 270
521 2 2 4 1 145 243 188
522 2 2 4 1 177 250 125
523 2 2 4 1 272 337 249
524 2 2 4 1 355 399 380
525 2 2 4 1 242 295 156
526 2 2 4 1 133 244 164
527 2 2 4 1 295 353 336
528 2 2 4 1 241 269 154
529 2 2 4 1 367 398 308
530 2 2 4 1 167 193 130
531 2 2 4 1 131 245 167
532 2 2 4 1 244 277 164
533 2 2 4 1 284 365 331
534 2 2 4 1 270 295 242
535 2 2 4 1 174 301 265
536 2 2 4 1 344 366 306
537 2 2 4 1 223 294 153
538 2 2 4 1 249 337 298
539 2 2 4 1 366 417 396
540 2 2 4 1 289 330 248
541 2 2 4 1 5 152 151
542 2 2 4 1 126 239 177
543 2 2 4 1 382 399 355
544 2 2 4 1 244 298 277
545 2 2 4 1 252 303 223
546 2 2 4 1 153 294 243
547 2 2 4 1 152 251 151
548 2 2 4 1 279 335 251
549 2 2 4 1 308 398 353
550 2 2 4 1 408 436 428
551 2 2 4 1 307 385 365
552 2 2 4 1 212 279 152
553 2 2 4 1 400 408 391
554 2 2 4 1 355 380 327
555 2 2 4 1 317 355 279
556 2 2 4 1 269 306 292
557 2 2 4 1 214 272 249
558 2 2 4 1 358 386 300
559 2 2 4 1 393 417 366
560 2 2 4 1 313 354 272
561 2 2 4 1 392 416 411
562 2 2 4 1 344 390 366
563 2 2 4 1 412 427 393
564 2 2 4 1 335 355 327
565 2 2 4 1 331 365 347
566 2 2 4 1 300 386 224
567 2 2 4 1 149 252 190
568 2 2 4 1 270 308 295
569 2 2 4 1 289 339 330
570 2 2 4 1 224 304 289
571 2 2 4 1 375 415 406
572 2 2 4 1 327 359 303
573 2 2 4 1 307 365 284
574 2 2 4 1 201 212 152
575 2 2 4 1 224 386 304
576 2 2 4 1 390 393 366
577 2 2 4 1 384 390 356
578 2 2 4 1 212 317 279
579 2 2 4 1 303 328 223
580 2 2 4 1 393 430 417
581 2 2 4 1 356 390 344
582 2 2 4 1 327 380 359
583 2 2 4 1 365 385 372
584 2 2 4 1 428 435 418
585 2 2 4 1 317 382 355
586 2 2 4 1 342 407 385
587 2 2 4 1 423 427 412
588 2 2 4 1 328 356 294
589 2 2 4 1 151 251 194
590 2 2 4 1 380 404 359
591 2 2 4 1 418 432 399
592 2 2 4 1 115 155 116
593 2 2 4 1 114 202 115
594 2 2 4 1 113 179 114
595 2 2 4 1 112 203 113
596 2 2 4 1 111 159 112
597 2 2 4 1 110 204 111
598 2 2 4 1 109 196 110
599 2 2 4 1 108 178 109
600 2 2 4 1 107 205 108
601 2 2 4 1 106 161 107
602 2 2 4 1 105 206 106
603 2 2 4 1 104 197 105
604 2 2 4 1 103 166 104
605 2 2 4 1 102 207 103
606 2 2 4 1 101 198 102
607 2 2 4 1 100 171 101
608 2 2 4 1 99 208 100
609 2 2 4 1 98 175 99
610 2 2 4 1 97 209 98
611 2 2 4 1 256 305 276
612 2 2 4 1 96 181 97
613 2 2 4 1 427 430 393
614 2 2 4 1 303 359 328
615 2 2 4 1 399 432 421
616 2 2 4 1 116 195 117
617 2 2 4 1 115 202 155
618 2 2 4 1 179 202 114
619 2 2 4 1 113 203 179
620 2 2 4 1 159 203 112
621 2 2 4 1 223 328 294
622 2 2 4 1 111 204 159
623 2 2 4 1 399 421 380
624 2 2 4 1 298 315 277
625 2 2 4 1 196 204 110
626 2 2 4 1 178 196 109
627 2 2 4 1 108 205 178
628 2 2 4 1 161 205 107
629 2 2 4 1 106 206 161
630 2 2 4 1 137 247 191
631 2 2 4 1 197 206 105
632 2 2 4 1 166 197 104
633 2 2 4 1 103 207 166
634 2 2 4 1 170 330 291
635 2 2 4 1 380 421 404
636 2 2 4 1 371 407 342
637 2 2 4 1 385 407 395
638 2 2 4 1 198 207 102
639 2 2 4 1 117 210 118
640 2 2 4 1 128 248 170
641 2 2 4 1 342 385 307
642 2 2 4 1 171 198 101
643 2 2 4 1 359 404 384
644 2 2 4 1 298 337 315
645 2 2 4 1 100 208 171
646 2 2 4 1 175 208 99
647 2 2 4 1 155 195 116
648 2 2 4 1 291 330 173
649 2 2 4 1 98 209 175
650 2 2 4 1 272 354 337
651 2 2 4 1 181 209 97
652 2 2 4 1 179 213 202
653 2 2 4 1 203 259 179
654 2 2 4 1 159 254 203
655 2 2 4 1 204 225 159
656 2 2 4 1 196 260 204
657 2 2 4 1 178 216 196
658 2 2 4 1 205 261 178
659 2 2 4 1 161 255 205
660 2 2 4 1 206 217 161
661 2 2 4 1 124 250 186
662 2 2 4 1 197 262 206
663 2 2 4 1 166 256 197
664 2 2 4 1 207 221 166
665 2 2 4 1 198 263 207
666 2 2 4 1 171 257 198
667 2 2 4 1 118 174 119
668 2 2 4 1 200 250 177
669 2 2 4 1 208 222 171
670 2 2 4 1 426 436 408
671 2 2 4 1 331 347 316
672 2 2 4 1 202 253 155
673 2 2 4 1 359 384 328
674 2 2 4 1 423 434 433
675 2 2 4 1 423 433 427
676 2 2 4 1 155 264 195
677 2 2 4 1 170 291 239
678 2 2 4 1 195 210 117
679 2 2 4 1 195 220 210
680 2 2 4 1 179 259 213
681 2 2 4 1 254 259 203
682 2 2 4 1 225 254 159
683 2 2 4 1 204 260 225
684 2 2 4 1 216 260 196
685 2 2 4 1 178 261 216
686 2 2 4 1 255 261 205
687 2 2 4 1 217 255 161
688 2 2 4 1 330 339 173
689 2 2 4 1 206 262 217
690 2 2 4 1 400 420 408
691 2 2 4 1 256 262 197
692 2 2 4 1 221 256 166
693 2 2 4 1 346 388 376
694 2 2 4 1 207 263 221
695 2 2 4 1 120 201 5
696 2 2 4 1 257 263 198
697 2 2 4 1 222 257 171
698 2 2 4 1 213 253 202
699 2 2 4 1 5 201 152
700 2 2 4 1 260 271 225
701 2 2 4 1 261 296 216
702 2 2 4 1 217 273 255
703 2 2 4 1 256 276 262
704 2 2 4 1 254 297 259
705 2 2 4 1 410 429 417
706 2 2 4 1 213 268 253
707 2 2 4 1 118 210 174
708 2 2 4 1 253 264 155
709 2 2 4 1 219 386 358
710 2 2 4 1 220 340 210
711 2 2 4 1 194 278 252
712 2 2 4 1 420 426 408
713 2 2 4 1 264 284 220
714 2 2 4 1 328 384 356
715 2 2 4 1 195 264 220
716 2 2 4 1 212 362 317
717 2 2 4 1 301 316 290
718 2 2 4 1 432 434 423
719 2 2 4 1 385 395 372
720 2 2 4 1 338 358 300
721 2 2 4 1 365 372 347
722 2 2 4 1 357 364 320
723 2 2 4 1 96 211 181
724 2 2 4 1 278 335 327
725 2 2 4 1 208 258 222
726 2 2 4 1 278 327 303
727 2 2 4 1 120 265 201
728 2 2 4 1 421 432 423
729 2 2 4 1 421 423 412
730 2 2 4 1 311 388 364
731 2 2 4 1 53 2 121
732 2 2 4 1 73 92 4
733 2 2 4 1 73 93 92
734 2 2 4 1 121 122 53
735 2 2 4 1 94 93 74
736 2 2 4 1 294 322 243
737 2 2 4 1 315 358 277
738 2 2 4 1 350 379 373
739 2 2 4 1 411 426 414
$EndElements
